
%% 2023.6-2027.1 <<1 hr
iiOrb = 1;
stateVector{iiOrb,1}.epoch =  ' 2023-06-14 07:36:12';
stateVector{iiOrb,1}.coord = 'ECJ2K';
stateVector{iiOrb,1}.rv =    [260861.357166097
167404.871364748
78987.9106263715
-0.797706314601184
0.975263733684134
0.530154969412835];

%% 2023.6-2027.6  ~2.5 hr
iiOrb = 2;
stateVector{iiOrb,1}.epoch =  '2023-06-13 23:00:16';
stateVector{iiOrb,1}.coord = 'ECJ2K';
stateVector{iiOrb,1}.rv =    [276577.520222802
144514.098050027
67426.0628386977
-0.708023138517267
1.02870635679717
0.558158622414164];